Ixx = 0.04;
Iyy = 0.04;
Izz = 0.08;
m = 1.56;
l = 0.25;

J = 90.0 * 10^(-6);
b = 20.0 * 10^(-6);
d = 0.4 * 10^(-6);

A_x = 0.25 ; 
A_y = 0.25 ;
A_z = 2.0 ;
